MARKER	A	C	G	T	UNDEF
50	0.0075187969924812	0	0	0.992481203007519	0
241	0	0.0526315789473684	0	0.947368421052632	0
490	0	0.481203007518797	0	0.518796992481203	0
833	0	0	1	0	0
1059	0	0.984962406015038	0	0.0150375939849624	0
1397	0	0.353383458646617	0	0.646616541353383	0
2416	0	0.992481203007519	0	0.0075187969924812	0
3037	0	0.984962406015038	0	0.0150375939849624	0
3177	0	0.894736842105263	0	0.105263157894737	0
6040	0	0	0.984962406015038	0.0150375939849624	0
8782	0	0.969924812030075	0	0.0300751879699248	0
11083	0	0.353383458646617	0	0.646616541353383	0
11916	0	0.984962406015038	0	0.0150375939849624	0
14408	0	0.0150375939849624	0	0.984962406015038	0
14805	0	0.902255639097744	0	0.0977443609022556	0
17247	0.902255639097744	0	0.0977443609022556	0	0
17747	0	0.902255639097744	0	0.0977443609022556	0
17858	0	0.0075187969924812	0	0.992481203007519	0
18060	0	0.962406015037594	0	0.037593984962406	0
18736	0	0.992481203007519	0	0.0075187969924812	0
18877	1	0	0	0	0
18998	0.353383458646617	0	0.646616541353383	0	0
20268	0	0.992481203007519	0	0.0075187969924812	0
23403	0	0	0.421052631578947	0.578947368421053	0
24034	0	0.834586466165414	0	0.165413533834586	0
25563	0	0	0.984962406015038	0.0150375939849624	0
25692	0	0.0075187969924812	0	0.992481203007519	0
26144	0	0.909774436090226	0	0.0902255639097744	0
26729	0	0.0075187969924812	0.992481203007519	0	0
27964	0	0.105263157894737	0	0.894736842105263	0
28077	0	0	0	1	0
28144	0.0300751879699248	0	0.969924812030075	0	0
28688	0.0300751879699248	0	0.969924812030075	0	0
28881	0	0.0300751879699248	0.969924812030075	0	0
28882	0.0075187969924812	0	0.992481203007519	0	0
28883	0.150375939849624	0	0.849624060150376	0	0
29540	0	0.909774436090226	0	0	0.0902255639097744
29553	0	0.353383458646617	0	0.639097744360902	0.0075187969924812
29700	0.992481203007519	0	0.0075187969924812	0	0
29742	0	0	1	0	0
29864	0.0225563909774436	0	0.781954887218045	0	0.195488721804511
29867	0.0451127819548872	0	0	0.646616541353383	0.308270676691729
29868	0.0451127819548872	0	0.646616541353383	0	0.308270676691729
29870	0.0601503759398496	0.646616541353383	0	0	0.293233082706767
