MARKER	A	C	G	T	UNDEF
50	0	0	0	1	0
241	0	0	0	1	0
490	0	0.952380952380952	0	0.0476190476190476	0
833	0.0476190476190476	0	0.952380952380952	0	0
1059	0	1	0	0	0
1397	0	0.920634920634921	0	0.0793650793650794	0
2416	0	1	0	0	0
3037	0	1	0	0	0
3177	0	0.888888888888889	0	0.111111111111111	0
6040	0	0	0.73015873015873	0.26984126984127	0
8782	0	1	0	0	0
11083	0	0.920634920634921	0	0.0793650793650794	0
11916	0	0.904761904761905	0	0.0952380952380952	0
14408	0	0.0158730158730159	0	0.984126984126984	0
14805	0	0.952380952380952	0	0.0476190476190476	0
17247	0.952380952380952	0	0.0476190476190476	0	0
17747	0	0.952380952380952	0	0.0476190476190476	0
17858	0	0	0	1	0
18060	0	1	0	0	0
18736	0	1	0	0	0
18877	0.984126984126984	0	0.0158730158730159	0	0
18998	0.920634920634921	0	0.0793650793650794	0	0
20268	0	1	0	0	0
23403	0	0	0.984126984126984	0.0158730158730159	0
24034	0	1	0	0	0
25563	0	0	0.857142857142857	0.142857142857143	0
25692	0	0	0	1	0
26144	0	0.984126984126984	0	0	0.0158730158730159
26729	0	0	0.984126984126984	0	0.0158730158730159
27964	0	0.0952380952380952	0	0.888888888888889	0.0158730158730159
28077	0	0.0476190476190476	0	0.952380952380952	0
28144	0.0476190476190476	0	0.952380952380952	0	0
28688	0.0476190476190476	0	0.952380952380952	0	0
28881	0	0.0476190476190476	0.952380952380952	0	0
28882	0	0	1	0	0
28883	0	0	1	0	0
29540	0	0.984126984126984	0	0	0.0158730158730159
29553	0	0.920634920634921	0	0.0793650793650794	0
29700	1	0	0	0	0
29742	0.0158730158730159	0	0.920634920634921	0.0476190476190476	0.0158730158730159
29864	0.0158730158730159	0	0.904761904761905	0	0.0793650793650794
29867	0.0476190476190476	0	0	0.873015873015873	0.0793650793650794
29868	0.0476190476190476	0	0.873015873015873	0	0.0793650793650794
29870	0.0476190476190476	0.873015873015873	0	0	0.0793650793650794
