MARKER	A	C	G	T	UNDEF
50	0.0119047619047619	0	0	0.976190476190476	0.0119047619047619
241	0	0	0	1	0
490	0	1	0	0	0
833	0.0357142857142857	0	0.964285714285714	0	0
1059	0	1	0	0	0
1397	0	1	0	0	0
2416	0	0.976190476190476	0	0.0119047619047619	0.0119047619047619
3037	0	1	0	0	0
3177	0	0.654761904761905	0	0.333333333333333	0.0119047619047619
6040	0	0.0119047619047619	0.892857142857143	0.0952380952380952	0
8782	0	1	0	0	0
11083	0	1	0	0	0
11916	0	1	0	0	0
14408	0	0	0	1	0
14805	0	1	0	0	0
17247	1	0	0	0	0
17747	0	0.94047619047619	0	0.0595238095238095	0
17858	0	0	0	1	0
18060	0	1	0	0	0
18736	0	1	0	0	0
18877	1	0	0	0	0
18998	1	0	0	0	0
20268	0	0.928571428571429	0	0.0595238095238095	0.0119047619047619
23403	0	0	1	0	0
24034	0	1	0	0	0
25563	0	0	0.94047619047619	0.0595238095238095	0
25692	0	0.0357142857142857	0	0.952380952380952	0.0119047619047619
26144	0	1	0	0	0
26729	0	0.0357142857142857	0.952380952380952	0	0.0119047619047619
27964	0	0.333333333333333	0	0.654761904761905	0.0119047619047619
28077	0	0.0357142857142857	0	0.964285714285714	0
28144	0	0	1	0	0
28688	0	0	1	0	0
28881	0	0	1	0	0
28882	0	0	1	0	0
28883	0	0	1	0	0
29540	0	0.80952380952381	0	0	0.19047619047619
29553	0	1	0	0	0
29700	1	0	0	0	0
29742	0	0	0.964285714285714	0.0357142857142857	0
29864	0	0	0.75	0	0.25
29867	0	0	0	0.738095238095238	0.261904761904762
29868	0	0.0714285714285714	0.666666666666667	0	0.261904761904762
29870	0	0.726190476190476	0	0	0.273809523809524
