MARKER	A	C	G	T	UNDEF
50	0.0268156424581006	0	0	0.973184357541899	0
241	0	0.0290502793296089	0	0.970949720670391	0
490	0	0.529608938547486	0	0.46927374301676	0.00111731843575419
833	0.0111731843575419	0	0.988826815642458	0	0
1059	0	0.962011173184358	0	0.0379888268156425	0
1397	0	0.379888268156425	0	0.620111731843575	0
2416	0	0.973184357541899	0	0.0268156424581006	0
3037	0	0.985474860335195	0	0.0145251396648045	0
3177	0	0.726256983240223	0	0.273743016759777	0
6040	0	0	0.946368715083799	0.0536312849162011	0
8782	0	0.955307262569832	0	0.0446927374301676	0
11083	0	0.350837988826816	0	0.649162011173184	0
11916	0	0.959776536312849	0	0.0402234636871508	0
14408	0	0.0256983240223464	0	0.974301675977654	0
14805	0	0.76536312849162	0	0.230167597765363	0.00446927374301676
17247	0.766480446927374	0	0.233519553072626	0	0
17747	0	0.767597765363129	0	0.232402234636872	0
17858	0	0.0268156424581006	0	0.973184357541899	0
18060	0	0.958659217877095	0	0.041340782122905	0
18736	0	0.962011173184358	0	0.0379888268156425	0
18877	0.987709497206704	0	0.0122905027932961	0	0
18998	0.349720670391061	0	0.64804469273743	0	0.00223463687150838
20268	0	0.972067039106145	0	0.0279329608938547	0
23403	0	0	0.452513966480447	0.547486033519553	0
24034	0	1	0	0	0
25563	0	0	0.963128491620112	0.0368715083798883	0
25692	0	0.0268156424581006	0	0.973184357541899	0
26144	0	0.954189944134078	0	0.0458100558659218	0
26729	0	0.0268156424581006	0.970949720670391	0.00223463687150838	0
27964	0	0.273743016759777	0	0.726256983240223	0
28077	0	0.00893854748603352	0	0.991061452513966	0
28144	0.0547486033519553	0	0.945251396648045	0	0
28688	0.0536312849162011	0	0.946368715083799	0	0
28881	0	0.0536312849162011	0.946368715083799	0	0
28882	0.0379888268156425	0	0.962011173184358	0	0
28883	0.0949720670391061	0	0.905027932960894	0	0
29540	0.00223463687150838	0.731843575418994	0	0.0111731843575419	0.254748603351955
29553	0	0.346368715083799	0	0.645810055865922	0.00782122905027933
29700	0.972067039106145	0	0.0279329608938547	0	0
29742	0.00335195530726257	0	0.984357541899441	0.00893854748603352	0.00335195530726257
29864	0.0167597765363128	0	0.686033519553073	0.00111731843575419	0.29608938547486
29867	0.0312849162011173	0	0	0.594413407821229	0.374301675977654
29868	0.0335195530726257	0.00223463687150838	0.57877094972067	0	0.385474860335196
29870	0.0435754189944134	0.555307262569832	0	0.00111731843575419	0.4
