MARKER	A	C	G	T	UNDEF
50	0.026	0	0	0.973	0.001
241	0	0.033	0	0.967	0
490	0	0.518	0	0.481	0.001
833	0.001	0	0.999	0	0
1059	0	0.964	0	0.036	0
1397	0	0.395	0	0.605	0
2416	0	0.973	0	0.026	0.001
3037	0	0.985	0	0.015	0
3177	0	0.732	0	0.267	0.001
6040	0	0	0.959	0.041	0
8782	0	0.957	0	0.043	0
11083	0	0.369	0	0.631	0
11916	0	0.968	0	0.032	0
14408	0	0.022	0	0.978	0
14805	0	0.774	0	0.222	0.004
17247	0.775	0	0.225	0	0
17747	0	0.771	0	0.229	0
17858	0	0.025	0	0.975	0
18060	0	0.961	0	0.039	0
18736	0	0.966	0	0.034	0
18877	0.991	0	0.009	0	0
18998	0.368	0	0.63	0	0.002
20268	0	0.97	0	0.029	0.001
23403	0	0	0.441	0.559	0
24034	0	0.978	0	0.022	0
25563	0	0	0.968	0.032	0
25692	0	0.027	0	0.972	0.001
26144	0	0.947	0	0.053	0
26729	0	0.027	0.97	0.002	0.001
27964	0	0.267	0	0.732	0.001
28077	0	0.001	0	0.999	0
28144	0.035	0	0.965	0	0
28688	0.034	0	0.966	0	0
28881	0	0.034	0.966	0	0
28882	0.034	0	0.966	0	0
28883	0.105	0	0.895	0	0
29540	0.002	0.762	0	0.01	0.226
29553	0	0.366	0	0.626	0.008
29700	0.974	0	0.026	0	0
29742	0.004	0	0.991	0.001	0.004
29864	0.018	0	0.704	0.001	0.277
29867	0.034	0	0	0.612	0.354
29868	0.036	0.002	0.598	0	0.364
29870	0.046	0.579	0	0.001	0.374
