MARKER	A	C	G	T	UNDEF
50	0	0	0	1	0
241	0	0	0	1	0
490	0	1	0	0	0
833	0.0769230769230769	0	0.923076923076923	0	0
1059	0	1	0	0	0
1397	0	0.846153846153846	0	0.153846153846154	0
2416	0	1	0	0	0
3037	0	1	0	0	0
3177	0	1	0	0	0
6040	0	0	0.538461538461538	0.461538461538462	0
8782	0	1	0	0	0
11083	0	0.846153846153846	0	0.153846153846154	0
11916	0	0.692307692307692	0	0.307692307692308	0
14408	0	0.0769230769230769	0	0.923076923076923	0
14805	0	1	0	0	0
17247	1	0	0	0	0
17747	0	1	0	0	0
17858	0	0	0	1	0
18060	0	1	0	0	0
18736	0	1	0	0	0
18877	1	0	0	0	0
18998	0.846153846153846	0	0.153846153846154	0	0
20268	0	0.923076923076923	0	0.0769230769230769	0
23403	0	0	1	0	0
24034	0	1	0	0	0
25563	0	0	0.615384615384615	0.384615384615385	0
25692	0	0	0	1	0
26144	0	1	0	0	0
26729	0	0	1	0	0
27964	0	0	0	1	0
28077	0	0.0769230769230769	0	0.923076923076923	0
28144	0.0769230769230769	0	0.923076923076923	0	0
28688	0.0769230769230769	0	0.923076923076923	0	0
28881	0	0.0769230769230769	0.923076923076923	0	0
28882	0	0	1	0	0
28883	0	0	1	0	0
29540	0	1	0	0	0
29553	0	0.846153846153846	0	0.153846153846154	0
29700	1	0	0	0	0
29742	0	0	0.923076923076923	0.0769230769230769	0
29864	0.0769230769230769	0	0.769230769230769	0	0.153846153846154
29867	0.153846153846154	0	0	0.769230769230769	0.0769230769230769
29868	0.153846153846154	0	0.769230769230769	0	0.0769230769230769
29870	0.153846153846154	0.769230769230769	0	0	0.0769230769230769
