MARKER	A	C	G	T	UNDEF
50	0	0	0	1	0
241	0	0	0	1	0
490	0	1	0	0	0
833	0.157894736842105	0	0.842105263157895	0	0
1059	0	1	0	0	0
1397	0	0.947368421052632	0	0.0526315789473684	0
2416	0	1	0	0	0
3037	0	1	0	0	0
3177	0	0.789473684210526	0	0.210526315789474	0
6040	0	0	0.736842105263158	0.263157894736842	0
8782	0	1	0	0	0
11083	0	0.947368421052632	0	0.0526315789473684	0
11916	0	1	0	0	0
14408	0	0	0	1	0
14805	0	1	0	0	0
17247	1	0	0	0	0
17747	0	1	0	0	0
17858	0	0	0	1	0
18060	0	1	0	0	0
18736	0	1	0	0	0
18877	1	0	0	0	0
18998	0.947368421052632	0	0.0526315789473684	0	0
20268	0	0.947368421052632	0	0.0526315789473684	0
23403	0	0	1	0	0
24034	0	1	0	0	0
25563	0	0	0.789473684210526	0.210526315789474	0
25692	0	0.0526315789473684	0	0.947368421052632	0
26144	0	1	0	0	0
26729	0	0.0526315789473684	0.947368421052632	0	0
27964	0	0.210526315789474	0	0.789473684210526	0
28077	0	0.157894736842105	0	0.842105263157895	0
28144	0.0526315789473684	0	0.947368421052632	0	0
28688	0.0526315789473684	0	0.947368421052632	0	0
28881	0	0.0526315789473684	0.947368421052632	0	0
28882	0	0	1	0	0
28883	0	0	1	0	0
29540	0	1	0	0	0
29553	0	0.947368421052632	0	0.0526315789473684	0
29700	1	0	0	0	0
29742	0	0	0.842105263157895	0.157894736842105	0
29864	0	0	0.789473684210526	0	0.210526315789474
29867	0	0	0	0.789473684210526	0.210526315789474
29868	0	0	0.789473684210526	0	0.210526315789474
29870	0	0.789473684210526	0	0	0.210526315789474
